0 0 0 0 1 0 0 0 0 1 0 0 1 0 0 0 0 1 0 0.28125095
0 1 0 0 0 0 0 0 1 0 0 0 0 1 0 0 0 0 1 0.5062525
0 0 0 1 0 0 0 0 1 0 0 1 0 0 0 0 1 0 0 0.35625148
0 1 0 0 0 1 0 0 0 0 1 0 0 0 0 1 0 0 0 5.500033
0 0 0 1 0 0 1 0 0 0 0 0 0 1 0 0 0 0 1 0.35625148
0 0 0 0 1 0 0 1 0 0 0 1 0 0 0 0 1 0 0 0.8062546
0 0 1 0 0 1 0 0 0 0 1 0 0 0 0 1 0 0 0 5.100014
1 0 0 0 0 1 0 0 0 0 1 0 0 0 0 1 0 0 0 5.7000422
0 0 1 0 0 1 0 0 0 0 0 0 0 1 0 0 0 0 1 0.76875436
0 0 0 1 0 1 0 0 0 0 0 1 0 0 1 0 0 0 0 1.0312537
0 1 0 0 0 0 0 0 0 1 0 0 0 1 0 0 0 0 1 0.46875226
0 0 0 0 1 0 0 1 0 0 0 0 1 0 0 0 0 1 0 0.39375174
0 1 0 0 0 0 0 1 0 0 0 1 0 0 1 0 0 0 0 0.28125095
0 0 0 0 1 0 0 1 0 0 1 0 0 0 1 0 0 0 0 1.1
0 0 1 0 0 0 0 1 0 0 0 0 1 0 0 0 0 1 0 0.5062525
0 0 0 0 1 0 1 0 0 0 1 0 0 0 0 1 0 0 0 1.8999897
0 0 0 1 0 0 0 1 0 0 1 0 0 0 1 0 0 0 0 0.9000011
0 1 0 0 0 0 0 1 0 0 0 0 1 0 0 0 0 1 0 0.46875226
0 1 0 0 0 0 1 0 0 0 0 0 1 0 0 0 0 1 0 0.5437528
0 0 1 0 0 0 0 0 0 1 0 1 0 0 0 1 0 0 0 0.20625044
0 0 0 0 1 0 0 0 1 0 0 1 0 0 0 0 1 0 0 0.9187554
1 0 0 0 0 0 0 0 1 0 0 1 0 0 0 0 1 0 0 1.1062483
0 1 0 0 0 0 0 1 0 0 0 0 0 1 0 0 0 0 1 0.46875226
1 0 0 0 0 0 0 1 0 0 0 1 0 0 0 1 0 0 0 0.58125305
1 0 0 0 0 0 1 0 0 0 0 0 0 1 0 0 0 0 1 0.58125305
0 0 0 0 1 0 0 1 0 0 0 0 0 1 0 0 0 0 1 0.39375174
1 0 0 0 0 1 0 0 0 0 1 0 0 0 1 0 0 0 0 5.3000236
1 0 0 0 0 0 0 0 0 1 0 1 0 0 0 1 0 0 0 0.46875226
0 0 1 0 0 0 0 0 1 0 1 0 0 0 0 1 0 0 0 1.8999897
0 1 0 0 0 0 1 0 0 0 1 0 0 0 0 1 0 0 0 4.299977
0 1 0 0 0 0 0 0 0 1 0 1 0 0 0 1 0 0 0 0.35625148
0 1 0 0 0 0 0 1 0 0 1 0 0 0 1 0 0 0 0 3.899964
0 0 1 0 0 0 0 0 0 1 0 1 0 0 1 0 0 0 0 0.5437528
0 0 1 0 0 1 0 0 0 0 0 0 0 1 0 1 0 0 0 0.5437528
0 0 1 0 0 0 0 1 0 0 0 0 0 1 0 0 0 0 1 0.5062525
0 0 0 0 1 0 0 0 0 1 1 0 0 0 0 1 0 0 0 1.1
0 0 0 1 0 0 0 0 0 1 1 0 0 0 1 0 0 0 0 0.5000003
0 0 0 0 1 0 0 1 0 0 0 1 0 0 0 1 0 0 0 0.13124992
0 0 1 0 0 0 1 0 0 0 0 0 0 1 0 0 0 0 1 0.5437528
0 0 1 0 0 0 0 0 1 0 0 1 0 0 1 0 0 0 0 0.20625044
0 0 0 1 0 0 1 0 0 0 0 1 0 0 1 0 0 0 0 0.69375384
0 0 1 0 0 0 1 0 0 0 0 1 0 0 0 0 1 0 0 0.88125515
0 0 1 0 0 0 0 1 0 0 0 1 0 0 0 0 1 0 0 0.9187554
0 1 0 0 0 0 0 0 1 0 0 1 0 0 1 0 0 0 0 0.2437507
0 1 0 0 0 1 0 0 0 0 0 0 1 0 0 0 1 0 0 0.6562536
1 0 0 0 0 0 1 0 0 0 0 1 0 0 0 0 1 0 0 1.0312537
0 1 0 0 0 1 0 0 0 0 0 1 0 0 1 0 0 0 0 0.8062546
0 0 0 0 1 0 0 0 1 0 0 1 0 0 0 1 0 0 0 0.431252
0 0 1 0 0 0 0 0 0 1 1 0 0 0 0 1 0 0 0 4.0999675
0 0 0 1 0 0 0 0 1 0 1 0 0 0 1 0 0 0 0 0.7000007
0 0 0 1 0 1 0 0 0 0 0 0 0 1 0 0 0 0 1 0.431252
0 0 1 0 0 0 1 0 0 0 1 0 0 0 0 1 0 0 0 4.499986
0 1 0 0 0 0 0 0 0 1 1 0 0 0 0 1 0 0 0 4.6999955
0 0 1 0 0 0 0 0 1 0 0 0 1 0 0 0 0 1 0 0.5062525
0 1 0 0 0 0 1 0 0 0 0 1 0 0 0 1 0 0 0 0.7312541
1 0 0 0 0 0 0 0 0 1 0 1 0 0 0 0 1 0 0 1.1437455
1 0 0 0 0 1 0 0 0 0 0 1 0 0 0 1 0 0 0 0.88125515
0 1 0 0 0 0 0 0 1 0 0 1 0 0 0 0 1 0 0 1.0312537
0 0 0 0 1 1 0 0 0 0 1 0 0 0 0 1 0 0 0 6.9000983
0 1 0 0 0 0 0 1 0 0 0 1 0 0 0 0 1 0 0 0.9562557
0 0 0 0 1 0 1 0 0 0 0 1 0 0 0 1 0 0 0 0.58125305
0 0 0 0 1 1 0 0 0 0 0 0 1 0 0 0 0 1 0 0.58125305
0 0 0 0 1 0 1 0 0 0 0 0 1 0 0 0 0 1 0 0.431252
0 0 1 0 0 1 0 0 0 0 0 0 0 1 1 0 0 0 0 0.5437528
0 0 0 1 0 1 0 0 0 0 0 1 0 0 0 0 1 0 0 0.7312541
0 0 1 0 0 0 1 0 0 0 0 1 0 0 0 1 0 0 0 0.5062525
0 0 0 1 0 0 1 0 0 0 1 0 0 0 0 1 0 0 0 1.6999923
0 0 0 1 0 0 0 1 0 0 1 0 0 0 0 1 0 0 0 1.2999974
0 0 1 0 0 1 0 0 0 0 0 0 1 0 0 1 0 0 0 0.5437528
0 1 0 0 0 0 0 0 1 0 0 1 0 0 0 1 0 0 0 0.39375174
0 1 0 0 0 1 0 0 0 0 0 0 0 1 0 0 0 0 1 0.8062546
0 0 0 1 0 1 0 0 0 0 0 1 0 0 0 1 0 0 0 0.28125095
0 0 1 0 0 0 1 0 0 0 0 0 1 0 0 0 0 1 0 0.5437528
1 0 0 0 0 0 0 0 0 1 0 0 0 1 0 0 0 0 1 0.5062525
1 0 0 0 0 0 0 1 0 0 0 1 0 0 1 0 0 0 0 0.35625148
1 0 0 0 0 0 0 0 0 1 0 0 1 0 0 0 0 1 0 0.5062525
0 0 0 0 1 0 0 1 0 0 0 1 0 0 1 0 0 0 0 0.28125095
0 1 0 0 0 0 1 0 0 0 1 0 0 0 1 0 0 0 0 4.499986
1 0 0 0 0 0 0 0 1 0 1 0 0 0 0 1 0 0 0 4.6999955
0 0 0 0 1 0 0 0 1 0 1 0 0 0 0 1 0 0 0 1.2999974
0 0 0 0 1 1 0 0 0 0 1 0 0 0 1 0 0 0 0 7.1001077
1 0 0 0 0 0 0 1 0 0 0 0 0 1 0 0 0 0 1 0.5062525
0 0 1 0 0 0 0 0 0 1 0 0 1 0 0 0 0 1 0 0.46875226
0 0 1 0 0 1 0 0 0 0 0 0 1 0 0 0 0 1 0 0.76875436
0 0 0 0 1 1 0 0 0 0 0 0 0 1 0 0 0 0 1 0.58125305
0 1 0 0 0 0 0 0 0 1 0 0 1 0 0 0 0 1 0 0.46875226
0 0 0 0 1 0 0 0 0 1 0 1 0 0 0 0 1 0 0 0.8437549
0 1 0 0 0 1 0 0 0 0 0 1 0 0 0 1 0 0 0 0.8437549
0 1 0 0 0 0 0 0 1 0 0 0 1 0 0 0 0 1 0 0.5062525
0 0 1 0 0 0 0 1 0 0 0 1 0 0 0 1 0 0 0 0.35625148
1 0 0 0 0 1 0 0 0 0 0 0 1 0 0 0 1 0 0 0.69375384
0 0 1 0 0 0 0 0 0 1 0 1 0 0 0 0 1 0 0 1.068751
1 0 0 0 0 1 0 0 0 0 0 1 0 0 0 0 1 0 0 1.1062483
0 0 1 0 0 1 0 0 0 0 0 0 0 1 0 0 1 0 0 0.5437528
1 0 0 0 0 0 0 0 0 1 0 1 0 0 1 0 0 0 0 0.2437507
1 0 0 0 0 0 0 0 1 0 0 0 0 1 0 0 0 0 1 0.5062525
0 0 0 0 1 0 0 0 1 0 1 0 0 0 1 0 0 0 0 0.9000011
0 0 1 0 0 0 1 0 0 0 0 1 0 0 1 0 0 0 0 0.431252
0 1 0 0 0 0 0 0 1 0 1 0 0 0 0 1 0 0 0 4.0999675
0 1 0 0 0 0 1 0 0 0 0 1 0 0 0 0 1 0 0 0.99375594
0 1 0 0 0 0 0 1 0 0 0 1 0 0 0 1 0 0 0 0.5062525
1 0 0 0 0 0 0 0 0 1 1 0 0 0 0 1 0 0 0 4.499986
0 1 0 0 0 0 0 0 1 0 1 0 0 0 1 0 0 0 0 3.899964
0 0 0 1 0 0 1 0 0 0 0 0 1 0 0 0 0 1 0 0.39375174
0 0 1 0 0 0 0 1 0 0 0 1 0 0 1 0 0 0 0 0.2437507
0 0 1 0 0 0 0 0 1 0 0 1 0 0 0 1 0 0 0 0.2437507
0 0 0 0 1 0 1 0 0 0 0 1 0 0 1 0 0 0 0 1.1812428
0 0 0 1 0 0 1 0 0 0 1 0 0 0 1 0 0 0 0 1.2999974
0 0 0 0 1 0 1 0 0 0 0 0 0 1 0 0 0 0 1 0.431252
0 0 0 1 0 1 0 0 0 0 1 0 0 0 1 0 0 0 0 2.499982
1 0 0 0 0 0 0 0 1 0 0 0 1 0 0 0 0 1 0 0.5062525
0 0 1 0 0 1 0 0 0 0 0 1 0 0 1 0 0 0 0 0.7312541
0 0 1 0 0 0 0 0 1 0 0 0 0 1 0 0 0 0 1 0.46875226
0 1 0 0 0 1 0 0 0 0 0 1 0 0 0 0 1 0 0 1.068751
0 0 0 0 1 1 0 0 0 0 0 1 0 0 0 0 1 0 0 1.2187401
1 0 0 0 0 1 0 0 0 0 0 1 0 0 1 0 0 0 0 0.8437549
1 0 0 0 0 0 0 1 0 0 0 1 0 0 0 0 1 0 0 0.99375594
0 0 0 0 1 0 0 0 1 0 0 0 0 1 0 0 0 0 1 0.31875122
0 0 0 0 1 1 0 0 0 0 0 1 0 0 0 1 0 0 0 0.99375594
0 0 1 0 0 0 0 0 1 0 1 0 0 0 1 0 0 0 0 1.4999949
0 1 0 0 0 0 1 0 0 0 0 1 0 0 1 0 0 0 0 0.58125305
0 0 1 0 0 1 0 0 0 0 0 1 0 0 0 1 0 0 0 0.76875436
0 0 1 0 0 1 0 0 0 0 0 0 1 0 1 0 0 0 0 0.5437528
0 0 1 0 0 0 0 0 0 1 1 0 0 0 1 0 0 0 0 1.2999974
0 0 1 0 0 1 0 0 0 0 1 0 0 0 1 0 0 0 0 4.299977
0 0 1 0 0 1 0 0 0 0 0 1 0 0 0 0 1 0 0 1.0312537
0 0 1 0 0 0 0 1 0 0 1 0 0 0 1 0 0 0 0 1.8999897
0 0 0 1 0 1 0 0 0 0 0 0 1 0 0 0 0 1 0 0.431252
1 0 0 0 0 0 1 0 0 0 0 0 1 0 0 0 0 1 0 0.58125305
0 0 1 0 0 0 0 1 0 0 1 0 0 0 0 1 0 0 0 4.299977
0 0 0 0 1 0 0 0 1 0 0 0 1 0 0 0 0 1 0 0.31875122
0 0 0 1 0 0 0 1 0 0 0 1 0 0 0 0 1 0 0 0.5437528
0 0 0 0 1 0 0 0 0 1 0 0 0 1 0 0 0 0 1 0.28125095
0 0 0 1 0 0 1 0 0 0 0 1 0 0 0 1 0 0 0 0.35625148
1 0 0 0 0 0 0 0 1 0 0 1 0 0 0 1 0 0 0 0.46875226
0 1 0 0 0 0 1 0 0 0 0 0 0 1 0 0 0 0 1 0.5437528
1 0 0 0 0 0 1 0 0 0 0 1 0 0 1 0 0 0 0 0.6187533
1 0 0 0 0 0 0 1 0 0 0 0 1 0 0 0 0 1 0 0.5062525
0 1 0 0 0 0 0 0 0 1 0 1 0 0 1 0 0 0 0 0.20625044
0 0 1 0 0 0 1 0 0 0 1 0 0 0 1 0 0 0 0 3.899964
0 0 0 0 1 0 0 0 0 1 0 1 0 0 0 1 0 0 0 0.5062525
0 1 0 0 0 0 0 0 0 1 0 1 0 0 0 0 1 0 0 1.1062483
1 0 0 0 0 0 0 0 0 1 1 0 0 0 1 0 0 0 0 3.899964
1 0 0 0 0 0 1 0 0 0 0 1 0 0 0 1 0 0 0 0.8062546
1 0 0 0 0 0 0 1 0 0 1 0 0 0 1 0 0 0 0 3.899964
0 0 0 0 1 0 0 1 0 0 1 0 0 0 0 1 0 0 0 1.4999949
0 1 0 0 0 1 0 0 0 0 1 0 0 0 1 0 0 0 0 5.100014
0 0 0 1 0 0 0 0 1 0 1 0 0 0 0 1 0 0 0 1.4999949
1 0 0 0 0 0 0 1 0 0 1 0 0 0 0 1 0 0 0 4.6999955
0 0 0 0 1 1 0 0 0 0 0 1 0 0 1 0 0 0 0 0.88125515
0 1 0 0 0 1 0 0 0 0 0 0 1 0 0 0 0 1 0 0.8062546
0 0 0 0 1 0 0 0 0 1 1 0 0 0 1 0 0 0 0 0.7000007
0 0 0 1 0 0 0 0 0 1 1 0 0 0 0 1 0 0 0 0.9000011
0 0 0 0 1 0 1 0 0 0 1 0 0 0 1 0 0 0 0 1.4999949
1 0 0 0 0 0 0 0 1 0 0 1 0 0 1 0 0 0 0 0.2437507
1 0 0 0 0 0 0 0 1 0 1 0 0 0 1 0 0 0 0 4.0999675
0 0 0 0 1 0 1 0 0 0 0 1 0 0 0 0 1 0 0 0.99375594
1 0 0 0 0 0 1 0 0 0 1 0 0 0 1 0 0 0 0 4.6999955
0 0 0 1 0 0 1 0 0 0 0 1 0 0 0 0 1 0 0 0.58125305
1 0 0 0 0 1 0 0 0 0 0 0 1 0 0 0 0 1 0 0.8062546
0 0 0 1 0 1 0 0 0 0 1 0 0 0 0 1 0 0 0 2.6999795
0 0 1 0 0 0 0 0 0 1 0 0 0 1 0 0 0 0 1 0.46875226
0 1 0 0 0 0 0 1 0 0 1 0 0 0 0 1 0 0 0 4.499986
0 1 0 0 0 0 0 0 0 1 1 0 0 0 1 0 0 0 0 3.6999667
0 0 1 0 0 0 0 0 1 0 0 1 0 0 0 0 1 0 0 0.9562557
1 0 0 0 0 0 1 0 0 0 1 0 0 0 0 1 0 0 0 4.499986
1 0 0 0 0 1 0 0 0 0 0 0 0 1 0 0 0 0 1 0.8062546
